1.761767,-0,0,0.986739,-0,-0,1.205382,0.249663,-0,-0,-0,1.761729,-0,-0,0.986712,-0,-0,-0,1.205348,0.249655,0,-0,1.614793,0,-0,0.989036,0,0,0,-0,0.986739,-0,0,0.689377,-0,-0,0.851018,0.193839,-0,-0,-0,0.986712,-0,-0,0.689357,-0,-0,-0,0.850994,0.193833,-0,-0,0.989036,-0,-0,1.217664,-0,0,0,-0,1.205382,-0,0,0.851018,-0,-0,1.187992,0.243007,-0,-0,0.249663,-0,0,0.193839,-0,0,0.243007,0.068509,-0,-0,-0,1.205348,0,-0,0.850994,0,-0,-0,1.187965,0.243,-0,0.249655,-0,-0,0.193833,-0,-0,-0,0.243,0.068507
