97.055374,-0,-0,17.663289,0,-0,18.343559,1.239625,0,0,-0,1.129854,-0,0,0.976597,-0,-0,0,1.752984,0.099083,-0,-0,0.139925,-0,-0,0.109317,-0,-0,0,-0,17.663289,0,-0,7.310433,0,-0,4.94723,0.518566,0,0,0,0.976597,-0,0,1.112037,-0,0,0,2.198729,0.121312,-0,-0,0.109317,-0,-0,0.113872,-0,-0,0,-0,18.343559,-0,-0,4.94723,0,-0,9.357549,0.364719,0,-0,1.239625,0,-0,0.518566,0,-0,0.364719,0.075093,0,0,0,1.752984,0,0,2.198729,0,0,0,10.47953,0.05891,0,0.099083,-0,0,0.121312,-0,-0,0,0.05891,0.058672
