6.964786,0,-0,6.338113,0,-0,7.778127,2.343504,0,0,0,6.964789,0,0,6.338116,0,0,0,7.778131,2.343506,-0,0,0.283759,-0,0,0.071799,-0,-0,0,0,6.338113,0,-0,6.831819,0,-0,8.311564,2.719777,0,0,0,6.338116,0,0,6.831822,0,0,0,8.311568,2.719779,-0,0,0.071799,-0,0,0.061637,-0,-0,0,0,7.778127,0,-0,8.311564,0,-0,11.582799,3.271076,0,0,2.343504,0,-0,2.719777,0,-0,3.271076,1.287507,0,0,0,7.778131,0,0,8.311568,0,0,0,11.582804,3.271078,0,2.343506,0,0,2.719779,0,0,0,3.271078,1.287508
