29.938442,-0,0,11.703197,-0,0,7.168162,1.262714,-0,-0,-0,29.938886,0,-0,11.70345,0,-0,-0,7.168291,1.262747,0,0,26.170223,0,0,9.048457,0,0,0,0,11.703197,-0,0,6.403423,-0,0,3.683169,0.744775,-0,-0,-0,11.70345,0,-0,6.403567,0,-0,-0,3.683241,0.744794,0,0,9.048457,0,0,6.602831,0,0,0,0,7.168162,-0,0,3.683169,-0,0,3.067619,0.417032,-0,-0,1.262714,-0,0,0.744775,-0,0,0.417032,0.100771,-0,-0,-0,7.168291,0,-0,3.683241,0,-0,-0,3.067642,0.417042,-0,1.262747,0,-0,0.744794,0,-0,-0,0.417042,0.100773
