42.246652,0,0,16.306429,0,0,10.511985,1.698267,0,0,0,42.247033,0,-0,16.306631,0,0,-0,10.512096,1.698293,0,0,39.097675,-0,0,12.458426,0,-0,0,0,16.306429,-0,-0,8.370515,0,0,5.116751,0.935508,-0,-0,0,16.306631,0,0,8.370621,0,0,0,5.116808,0.935522,0,0,12.458426,0,0,8.258373,0,-0,0,0,10.511985,0,0,5.116751,0,0,4.220258,0.557763,0,0,1.698267,-0,-0,0.935508,0,-0,0.557763,0.120901,0,-0,0,10.512096,0,-0,5.116808,0,0,0,4.220281,0.557771,0,1.698293,0,-0,0.935522,0,0,-0,0.557771,0.120902
