1.79182,0,-0,0.877988,0,-0,2.026764,0.085786,0,0,0,0.217766,0,0,0.30692,0,0,0,0.904172,0.03924,-0,0,0.018133,0,0,0.02361,-0,0,-0,0,0.877988,0,0,1.074457,0,0,1.495562,0.102705,0,0,0,0.30692,0,0,0.578257,0,0,0,1.907461,0.080187,-0,0,0.02361,0,0,0.04099,-0,0,-0,0,2.026764,0,-0,1.495562,0,-0,11.18085,0.030916,0,-0,0.085786,0,0,0.102705,0,0,0.030916,0.054275,0,0,0,0.904172,-0,0,1.907461,-0,0,0,15.983687,-0.013103,0,0.03924,0,0,0.080187,0,-0,0,-0.013103,0.074848
