3.705815,0,0,3.097493,0,0,3.509187,1.409673,0,0,0,0.219546,0,0,0.374319,-0,0,0,0.332953,0.272406,0,0,0.01212,-0,0,0.01578,-0,-0,-0,0,3.097493,0,-0,3.547754,0,0,4.026751,1.637883,0,0,0,0.374319,0,0,0.756217,-0,0,0,0.64027,0.580893,0,-0,0.01578,0,-0,0.027396,0,0,-0,0,3.509187,0,-0,4.026751,0,0,6.845364,1.788104,0,0,1.409673,0,-0,1.637883,0,0,1.788104,1.055743,0,0,0,0.332953,-0,0,0.64027,-0,0,0,2.644038,0.2375,0,0.272406,0,0,0.580893,0,0,0,0.2375,0.582061
