11.556605,-0.001164,-0.192369,-0.103726,-0.00103,-3.7e-05,0.04191,-0.001671,-0.006624,-0.001164,11.701012,0.023593,0.000585,-0.100432,-0.000832,0.002525,0.048237,0.000218,-0.192369,0.023593,11.764992,-0.000414,-0.000174,-0.104989,0.004144,-0.000417,0.049629,-0.103726,0.000585,-0.000414,0.570773,9.3e-05,0.001353,0.110769,4.1e-05,-0.000122,-0.00103,-0.100432,-0.000174,9.3e-05,0.570473,0.000155,2.8e-05,0.112264,0.000153,-3.7e-05,-0.000832,-0.104989,0.001353,0.000155,0.571742,-0.000436,0.000129,0.112933,0.04191,0.002525,0.004144,0.110769,2.8e-05,-0.000436,0.212925,8.5e-05,-0.003368,-0.001671,0.048237,-0.000417,4.1e-05,0.112264,0.000129,8.5e-05,0.226846,0.000571,-0.006624,0.000218,0.049629,-0.000122,0.000153,0.112933,-0.003368,0.000571,0.227262
