12.736619,-0.000137,-0.215385,-1.015256,-0.003858,0.004257,-0.030088,-0.002366,-0.007805,-0.000137,12.847571,0.025678,0.001917,-0.985252,-0.003363,0.00314,-0.022482,0.000103,-0.215385,0.025678,12.93404,0.001564,-0.001509,-1.009391,0.006039,-0.000944,-0.02311,-1.015256,0.001917,0.001564,2.165395,0.000432,0.007453,0.33491,0.000216,-0.000546,-0.003858,-0.985252,-0.001509,0.000432,2.155556,0.000664,5e-06,0.340642,0.000498,0.004257,-0.003363,-1.009391,0.007453,0.000664,2.163462,-0.001515,0.00046,0.342822,-0.030088,0.00314,0.006039,0.33491,5e-06,-0.001515,0.269463,0.000126,-0.004089,-0.002366,-0.022482,-0.000944,0.000216,0.340642,0.00046,0.000126,0.285426,0.000711,-0.007805,0.000103,-0.02311,-0.000546,0.000498,0.342822,-0.004089,0.000711,0.286484
