21.982413,0.008028,-0.422582,-6.978819,-0.018606,0.04916,-0.313752,-0.006452,-0.01255,0.008028,21.968284,0.054612,0.00349,-6.863639,-0.016288,0.006794,-0.309853,0.000491,-0.422582,0.054612,22.281808,0.031271,-0.012169,-7.01319,0.016757,-0.003679,-0.317545,-6.978819,0.00349,0.031271,8.905056,0.003114,0.035682,0.81217,0.001508,-0.002667,-0.018606,-6.863639,-0.012169,0.003114,8.872416,0.003802,-0.000955,0.836342,0.001026,0.04916,-0.016288,-7.01319,0.035682,0.003802,8.920988,-0.005284,0.001667,0.842468,-0.313752,0.006794,0.016757,0.81217,-0.000955,-0.005284,0.458925,0.000291,-0.008213,-0.006452,-0.309853,-0.003679,0.001508,0.836342,0.001667,0.000291,0.484857,0.001373,-0.01255,0.000491,-0.317545,-0.002667,0.001026,0.842468,-0.008213,0.001373,0.489094
