60.695092,0.195778,-3.116906,-36.669235,-0.09304,2.041589,1.260601,-0.030927,-0.405137,-0.77904,-0.008592,-0.003858,-2.281453,-0.005444,0.05148,0.195778,63.942762,0.431417,-0.037197,-38.127671,-0.48138,-0.089053,0.923256,0.105478,0.003619,-0.826226,0.001644,-0.046599,-2.631228,-0.013964,-3.116906,0.431417,63.29206,1.632287,-0.429166,-37.217339,-0.25479,0.100321,0.800625,0.027769,-0.004174,-0.80656,0.055618,-0.025135,-2.61985,-36.669235,-0.037197,1.632287,45.728417,0.142079,-1.337543,-9.435833,-0.030272,0.275882,1.811622,0.029681,-0.01444,0.474244,-0.006219,0.024304,-0.09304,-38.127671,-0.429166,0.142079,47.059565,0.466635,0.011468,-9.509176,-0.12604,-0.000157,2.040905,0.010473,0.020023,0.578288,0.002621,2.041589,-0.48138,-37.217339,-1.337543,0.466635,45.721336,0.105875,-0.129402,-9.48998,-0.037653,0.006267,2.016445,-0.035025,0.013473,0.551603,1.260601,-0.089053,-0.25479,-9.435833,0.011468,0.105875,11.762173,0.020739,0.066305,-0.561398,-0.003656,0.027096,1.758666,0.006883,-0.028011,-0.030927,0.923256,0.100321,-0.030272,-9.509176,-0.129402,0.020739,12.076673,0.055579,-9.2e-05,-0.687563,-0.016049,0.001788,1.913801,0.014756,-0.405137,0.105478,0.800625,0.275882,-0.12604,-9.48998,0.066305,0.055579,12.033239,0.038835,-0.014206,-0.705606,-0.010082,0.015969,1.853466,-0.77904,0.003619,0.027769,1.811622,-0.000157,-0.037653,-0.561398,-9.2e-05,0.038835,0.944393,0.004095,-0.031125,-0.226289,0.000717,0.028024,-0.008592,-0.826226,-0.004174,0.029681,2.040905,0.006267,-0.003656,-0.687563,-0.014206,0.004095,1.050379,0.004246,0.003269,-0.263327,-0.007286,-0.003858,0.001644,-0.80656,-0.01444,0.010473,2.016445,0.027096,-0.016049,-0.705606,-0.031125,0.004246,1.017087,0.022325,-0.006867,-0.257839,-2.281453,-0.046599,0.055618,0.474244,0.020023,-0.035025,1.758666,0.001788,-0.010082,-0.226289,0.003269,0.022325,0.964301,0.002546,-0.035788,-0.005444,-2.631228,-0.025135,-0.006219,0.578288,0.013473,0.006883,1.913801,0.015969,0.000717,-0.263327,-0.006867,0.002546,1.061513,0.010829,0.05148,-0.013964,-2.61985,0.024304,0.002621,0.551603,-0.028011,0.014756,1.853466,0.028024,-0.007286,-0.257839,-0.035788,0.010829,1.005474
