36.183791,-0.004321,-1.55375,-18.46563,0.002027,0.786127,-0.582932,-0.005757,0.002749,-0.756481,0.000619,0.009074,-1.391888,-0.005126,0.057552,-0.004321,38.848655,-0.188557,0.001795,-19.932004,0.124531,-0.005385,-0.651354,9.4e-05,-0.016847,-0.853691,0.009485,-0.008151,-1.588223,0.00821,-1.55375,-0.188557,38.755554,0.68615,0.104186,-19.520004,0.007205,0.001694,-0.663529,0.022886,-0.005251,-0.834172,0.063805,0.00939,-1.552644,-18.46563,0.001795,0.68615,22.818882,-0.036384,-0.494359,0.20323,0.003808,0.008252,1.313586,0.005981,-0.012274,0.810794,0.00072,-0.016201,0.002027,-19.932004,0.104186,-0.036384,23.92277,-0.136491,0.006692,0.236994,0.001321,0.014141,1.481535,-0.008862,0.008565,0.917537,-0.00626,0.786127,0.124531,-19.520004,-0.494359,-0.136491,23.226113,-0.003178,-0.001424,0.230137,-0.008088,7.5e-05,1.45011,-0.036237,-0.007186,0.871226,-0.582932,-0.005385,0.007205,0.20323,0.006692,-0.003178,0.607195,-0.000481,0.002234,-0.008751,0.00016,0.002922,0.174177,-7.9e-05,-0.001596,-0.005757,-0.651354,0.001694,0.003808,0.236994,-0.001424,-0.000481,0.607347,-0.000613,0.000477,-0.01356,-0.00021,-0.000161,0.181731,-0.000707,0.002749,9.4e-05,-0.663529,0.008252,0.001321,0.230137,0.002234,-0.000613,0.608866,0.004031,0.000482,-0.013786,-0.001394,-0.000732,0.178701,-0.756481,-0.016847,0.022886,1.313586,0.014141,-0.008088,-0.008751,0.000477,0.004031,0.608798,-0.000207,-0.01159,0.007075,0.001077,0.006017,0.000619,-0.853691,-0.005251,0.005981,1.481535,7.5e-05,0.00016,-0.01356,0.000482,-0.000207,0.682828,-0.00256,0.000578,0.002924,0.000584,0.009074,0.009485,-0.834172,-0.012274,-0.008862,1.45011,0.002922,-0.00021,-0.013786,-0.01159,-0.00256,0.672469,0.004836,-0.000419,0.001348,-1.391888,-0.008151,0.063805,0.810794,0.008565,-0.036237,0.174177,-0.000161,-0.001394,0.007075,0.000578,0.004836,0.352384,-0.00205,-0.012208,-0.005126,-1.588223,0.00939,0.00072,0.917537,-0.007186,-7.9e-05,0.181731,-0.000732,0.001077,0.002924,-0.000419,-0.00205,0.378087,-0.00305,0.057552,0.00821,-1.552644,-0.016201,-0.00626,0.871226,-0.001596,-0.000707,0.178701,0.006017,0.000584,0.001348,-0.012208,-0.00305,0.361067
