99.791585,3.36466,-7.623347,-76.227897,-3.900929,9.030978,17.933819,1.827334,-4.416108,1.152326,0.07959,-0.090898,-1.459826,-0.279796,0.265284,-2.257718,0.130628,-0.468837,2.447903,0.183706,-0.272715,3.36466,114.676812,-4.868197,-2.910289,-87.89155,3.118334,0.713035,20.858056,-0.294178,0.069843,1.483507,-0.089681,0.000825,-2.171521,-0.000108,-0.151655,-2.789887,0.332782,0.145851,3.127697,-0.153206,-7.623347,-4.868197,115.404879,6.892185,4.903586,-87.678266,-2.189048,-2.078,20.87876,-0.051078,-0.11396,1.480739,-0.126629,0.466448,-2.118252,0.017364,-0.084804,-2.695735,-0.172936,-0.232776,2.997212,-76.227897,-2.910289,6.892185,111.238584,4.304181,-6.891939,-49.444059,-2.52636,2.535547,-1.96972,-0.084472,0.00303,4.041856,0.433606,-0.111648,-2.388376,-0.310633,0.350855,-4.486888,-0.204976,0.114945,-3.900929,-87.89155,4.903586,4.304181,127.589626,-6.508452,-1.726998,-58.669134,3.228908,-0.087952,-2.420921,0.172223,0.186139,6.030747,-0.472805,-0.036144,-3.36533,0.182767,-0.202525,-5.52399,0.343257,9.030978,3.118334,-87.678266,-6.891939,-6.508452,125.773239,0.550101,4.573543,-57.369966,0.014505,0.159985,-2.419965,0.222824,-0.8116,5.841781,-0.297237,0.645586,-3.314474,0.105169,0.346841,-5.262549,17.933819,0.713035,-2.189048,-49.444059,-1.726998,0.550101,46.008051,1.447023,0.727537,0.901706,0.033146,0.060648,-2.647128,-0.27471,-0.056508,5.147979,0.267036,0.012577,2.483181,0.088179,0.089489,1.827334,20.858056,-2.078,-2.52636,-58.669134,4.573543,1.447023,54.184855,-3.34147,0.044747,1.155597,-0.119291,-0.210848,-4.232719,0.48066,0.182948,6.684074,-0.491803,0.114901,3.123613,-0.259014,-4.416108,-0.294178,20.87876,2.535547,3.228908,-57.369966,0.727537,-3.34147,52.52086,0.012906,-0.085379,1.14787,-0.079998,0.52649,-4.084985,0.256049,-0.637751,6.533274,0.006136,-0.201268,2.946474,1.152326,0.069843,-0.051078,-1.96972,-0.087952,0.014505,0.901706,0.044747,0.012906,0.642347,0.00256,0.003961,-0.017,-0.007164,-0.010525,0.02302,0.004506,0.003651,0.258294,0.004715,0.002129,0.07959,1.483507,-0.11396,-0.084472,-2.420921,0.159985,0.033146,1.155597,-0.085379,0.00256,0.65301,-0.004448,-0.00289,-0.065127,0.012208,0.000483,0.05164,-0.005534,0.004452,0.28553,-0.009202,-0.090898,-0.089681,1.480739,0.00303,0.172223,-2.419965,0.060648,-0.119291,1.14787,0.003961,-0.004448,0.653836,-0.016753,0.018813,-0.062997,0.017799,-0.014438,0.052921,0.002999,-0.010075,0.277056,-1.459826,0.000825,-0.126629,4.041856,0.186139,0.222824,-2.647128,-0.210848,-0.079998,-0.017,-0.00289,-0.016753,1.491232,0.051815,-0.032354,-0.595359,-0.049065,0.056698,-0.078357,-0.009228,-0.030449,-0.279796,-2.171521,0.466448,0.433606,6.030747,-0.8116,-0.27471,-4.232719,0.52649,-0.007164,-0.065127,0.018813,0.051815,1.851087,-0.110476,-0.042094,-0.857906,0.070223,-0.018741,-0.195822,0.041377,0.265284,-0.000108,-2.118252,-0.111648,-0.472805,5.841781,-0.056508,0.48066,-4.084985,-0.010525,0.012208,-0.062997,-0.032354,-0.110476,1.811868,0.026642,0.090353,-0.849325,-0.018787,0.028906,-0.180794,-2.257718,-0.151655,0.017364,-2.388376,-0.036144,-0.297237,5.147979,0.182948,0.256049,0.02302,0.000483,0.017799,-0.595359,-0.042094,0.026642,1.792269,0.056468,-0.025602,0.132214,0.004039,0.034804,0.130628,-2.789887,-0.084804,-0.310633,-3.36533,0.645586,0.267036,6.684074,-0.637751,0.004506,0.05164,-0.014438,-0.049065,-0.857906,0.090353,0.056468,2.166986,-0.130014,0.013853,0.2145,-0.035823,-0.468837,0.332782,-2.695735,0.350855,0.182767,-3.314474,0.012577,-0.491803,6.533274,0.003651,-0.005534,0.052921,0.056698,0.070223,-0.849325,-0.025602,-0.130014,2.129662,0.005466,-0.017494,0.203775,2.447903,0.145851,-0.172936,-4.486888,-0.202525,0.105169,2.483181,0.114901,0.006136,0.258294,0.004452,0.002999,-0.078357,-0.018741,-0.018787,0.132214,0.013853,0.005466,0.533092,0.011038,-0.002289,0.183706,3.127697,-0.232776,-0.204976,-5.52399,0.346841,0.088179,3.123613,-0.201268,0.004715,0.28553,-0.010075,-0.009228,-0.195822,0.028906,0.004039,0.2145,-0.017494,0.011038,0.599942,-0.019392,-0.272715,-0.153206,2.997212,0.114945,0.343257,-5.262549,0.089489,-0.259014,2.946474,0.002129,-0.009202,0.277056,-0.030449,0.041377,-0.180794,0.034804,-0.035823,0.203775,-0.002289,-0.019392,0.555406
