941.261129,146.718291,-72.330296,-854.645438,-162.625855,70.630329,150.909741,46.477863,-62.293862,154.492819,23.686657,41.163009,0.281075,-0.060582,1.478806,9.09392,-1.680227,3.268884,-44.476875,-1.577985,-9.335142,67.747114,11.813265,5.062508,2.93853,0.261789,3.275337,146.718291,1199.313316,49.413557,-131.11087,-1085.225838,-58.395988,-80.212929,110.328879,4.292423,121.48718,275.457653,17.249987,2.836742,2.930635,0.293872,23.03401,26.494619,-0.512735,-37.716513,-78.218232,-2.442718,30.886766,102.248899,5.069103,7.132891,9.757993,0.748595,-72.330296,49.413557,896.399434,80.916761,-49.673176,-804.147983,-60.004545,-15.223254,225.73622,28.460715,31.939633,43.44777,1.183664,0.644539,-2.552369,5.253003,7.669342,-2.053003,-6.472629,-9.843089,-13.907946,1.808693,8.844869,37.696903,2.685357,1.701841,-3.870831,-854.645438,-131.11087,80.916761,1166.004723,183.210076,-86.7598,-454.27788,-79.295435,91.717769,-110.603818,-12.114404,-64.639288,2.731183,0.494603,-2.150475,16.930551,6.008418,-8.176376,4.999766,-7.598899,18.109868,-77.122913,-10.894778,-9.593701,3.338258,0.721535,-4.888925,-162.625855,-1085.225838,-49.673176,183.210076,1419.20429,66.240349,50.392134,-430.209328,-8.695687,-119.833277,-238.576629,-20.637391,-2.572353,0.035589,-0.337562,-19.373243,3.289162,0.096278,32.718301,32.741963,1.824628,-33.026636,-114.702756,-6.397643,-6.613725,-3.684447,-0.879213,70.630329,-58.395988,-804.147983,-86.7598,66.240349,1035.126297,43.116307,3.699958,-416.735747,-9.613981,-29.023149,-50.354066,-0.613445,-0.477231,3.683941,-2.307784,-6.13977,14.724819,-0.333388,7.46301,-5.136645,2.523954,-9.046014,-53.022237,-1.35894,-1.347481,5.779489,150.909741,-80.212929,-60.004545,-454.27788,50.392134,43.116307,693.557157,126.279042,-34.503533,-353.308833,-125.547566,33.571623,-12.865779,-3.456439,0.687298,-75.389681,-27.994141,10.227684,126.572896,46.354242,-13.624146,-48.029792,-27.964411,8.239268,-29.316651,-8.356449,1.983501,46.477863,110.328879,-15.223254,-79.295435,-430.209328,3.699958,126.279042,736.882817,48.683366,-78.778236,-392.368458,-37.049033,-2.710752,-14.182866,-1.260404,-19.43886,-91.562872,-7.680454,33.034668,150.824962,14.251169,-12.366155,-57.118415,-6.473091,-6.214014,-32.369594,-2.791689,-62.293862,4.292423,225.73622,91.717769,-8.695687,-416.735747,-34.503533,48.683366,486.460952,-8.695048,-41.51236,-220.217058,-0.037206,-1.292676,-9.03766,0.126359,-8.834275,-51.9,1.532006,15.196024,84.022511,-4.693085,-8.382634,-22.365433,-0.036518,-3.054488,-19.499237,154.492819,121.48718,28.460715,-110.603818,-119.833277,-9.613981,-353.308833,-78.778236,-8.695048,390.459691,120.409237,-3.055872,10.244973,2.965623,0.256899,58.599022,23.114811,-5.862759,-107.259581,-38.15165,4.331852,85.803554,30.49294,-3.482604,25.080507,7.370769,0.221724,23.686657,275.457653,31.939633,-12.114404,-238.576629,-29.023149,-125.547566,-392.368458,-41.51236,120.409237,479.374997,42.395917,3.457163,12.539908,1.289854,24.958146,77.943992,7.331679,-41.324309,-137.789643,-13.767242,25.434418,110.415279,8.492845,8.238215,30.732668,2.915884,41.163009,17.249987,43.44777,-64.639288,-20.637391,-50.354066,33.571623,-37.049033,-220.217058,-3.055872,42.395917,252.711409,-0.224586,1.146845,6.864754,-1.920133,9.078748,42.195146,3.678371,-14.000832,-70.421919,0.487703,9.845917,51.593615,-0.586712,2.804308,16.177178,0.281075,2.836742,1.183664,2.731183,-2.572353,-0.613445,-12.865779,-2.710752,-0.037206,10.244973,3.457163,-0.224586,0.922592,0.089542,0.00368,1.648691,0.698739,-0.145627,-2.995158,-1.154109,0.132071,1.969787,0.835805,-0.111393,0.926311,0.219787,-0.004975,-0.060582,2.930635,0.644539,0.494603,0.035589,-0.477231,-3.456439,-14.182866,-1.292676,2.965623,12.539908,1.146845,0.089542,0.983338,0.03694,0.630398,2.190463,0.21483,-1.064387,-3.857043,-0.398481,0.589634,2.583707,0.216035,0.211024,1.076073,0.082423,1.478806,0.293872,-2.552369,-2.150475,-0.337562,3.683941,0.687298,-1.260404,-9.03766,0.256899,1.289854,6.864754,0.00368,0.03694,0.837805,0.024864,0.273698,1.192677,-0.037171,-0.44461,-2.066471,0.105401,0.286647,1.181926,0.004349,0.088842,0.694167,9.09392,23.03401,5.253003,16.930551,-19.373243,-2.307784,-75.389681,-19.43886,0.126359,58.599022,24.958146,-1.920133,1.648691,0.630398,0.024864,19.328377,5.617541,-1.557267,-20.809821,-8.343703,1.324011,11.787794,6.076079,-0.883332,3.971381,1.55774,-0.016917,-1.680227,26.494619,7.669342,6.008418,3.289162,-6.13977,-27.994141,-91.562872,-8.834275,23.114811,77.943992,9.078748,0.698739,2.190463,0.273698,5.617541,25.365516,1.67587,-8.244125,-28.317127,-3.003465,4.514026,16.45246,1.824884,1.646808,5.279765,0.619548,3.268884,-0.512735,-2.053003,-8.176376,0.096278,14.724819,10.227684,-7.680454,-51.9,-5.862759,7.331679,42.195146,-0.145627,0.21483,1.192677,-1.557267,1.67587,16.829667,2.252948,-2.517961,-16.357558,-1.236918,1.565903,8.19987,-0.384907,0.514516,2.787392,-44.476875,-37.716513,-6.472629,4.999766,32.718301,-0.333388,126.572896,33.034668,1.532006,-107.259581,-41.324309,3.678371,-2.995158,-1.064387,-0.037171,-20.809821,-8.244125,2.252948,40.34854,14.251195,-2.247496,-22.791523,-9.985708,1.765344,-7.218959,-2.615199,0.046078,-1.577985,-78.218232,-9.843089,-7.598899,32.741963,7.46301,46.354242,150.824962,15.196024,-38.15165,-137.789643,-14.000832,-1.154109,-3.857043,-0.44461,-8.343703,-28.317127,-2.517961,14.251195,52.721396,4.844012,-7.462441,-30.291418,-2.673661,-2.718525,-9.295415,-0.9938,-9.335142,-2.442718,-13.907946,18.109868,1.824628,-5.136645,-13.624146,14.251169,84.022511,4.331852,-13.767242,-70.421919,0.132071,-0.398481,-2.066471,1.324011,-3.003465,-16.357558,-2.247496,4.844012,29.442267,0.637709,-2.999838,-14.066603,0.351229,-0.957472,-4.7765,67.747114,30.886766,1.808693,-77.122913,-33.026636,2.523954,-48.029792,-12.366155,-4.693085,85.803554,25.434418,0.487703,1.969787,0.589634,0.105401,11.787794,4.514026,-1.236918,-22.791523,-7.462441,0.637709,22.991418,6.82447,-0.715927,4.984888,1.489025,0.159748,11.813265,102.248899,8.844869,-10.894778,-114.702756,-9.046014,-27.964411,-57.118415,-8.382634,30.49294,110.415279,9.845917,0.835805,2.583707,0.286647,6.076079,16.45246,1.565903,-9.985708,-30.291418,-2.999838,6.82447,29.866414,2.074,2.01384,6.509145,0.653502,5.062508,5.069103,37.696903,-9.593701,-6.397643,-53.022237,8.239268,-6.473091,-22.365433,-3.482604,8.492845,51.593615,-0.111393,0.216035,1.181926,-0.883332,1.824884,8.19987,1.765344,-2.673661,-14.066603,-0.715927,2.074,13.741703,-0.281807,0.537222,2.905984,2.93853,7.132891,2.685357,3.338258,-6.613725,-1.35894,-29.316651,-6.214014,-0.036518,25.080507,8.238215,-0.586712,0.926311,0.211024,0.004349,3.971381,1.646808,-0.384907,-7.218959,-2.718525,0.351229,4.984888,2.01384,-0.281807,2.114524,0.519564,-0.018,0.261789,9.757993,1.701841,0.721535,-3.684447,-1.347481,-8.356449,-32.369594,-3.054488,7.370769,30.732668,2.804308,0.219787,1.076073,0.088842,1.55774,5.279765,0.514516,-2.615199,-9.295415,-0.957472,1.489025,6.509145,0.537222,0.519564,2.481363,0.199872,3.275337,0.748595,-3.870831,-4.888925,-0.879213,5.779489,1.983501,-2.791689,-19.499237,0.221724,2.915884,16.177178,-0.004975,0.082423,0.694167,-0.016917,0.619548,2.787392,0.046078,-0.9938,-4.7765,0.159748,0.653502,2.905984,-0.018,0.199872,1.496515
