6.400882,0.02089,0.877068,-3.053425,0.2535,-0.445138,-0.065398,0.056246,-0.002642,0.02089,105.545524,-2.311521,0.012792,30.975969,0.94338,0.008745,3.458189,0.008047,0.877068,-2.311521,5.844453,-0.428263,-2.120095,-2.90223,-0.028654,-0.271967,-0.049218,-3.053425,0.012792,-0.428263,3.733616,-0.00024,0.466314,0.124055,-0.016038,0.011903,0.2535,30.975969,-2.120095,-0.00024,207.151729,0.768864,0.271013,19.272874,-0.188839,-0.445138,0.94338,-2.90223,0.466314,0.768864,3.378067,0.027874,0.126721,0.096936,-0.065398,0.008745,-0.028654,0.124055,0.271013,0.027874,0.117805,0.024084,0.016782,0.056246,3.458189,-0.271967,-0.016038,19.272874,0.126721,0.024084,3.52136,-0.048074,-0.002642,0.008047,-0.049218,0.011903,-0.188839,0.096936,0.016782,-0.048074,0.106537
