125.073326,5.912429,-9.288525,-75.965442,-3.934124,2.972373,2.45717,-7.185994,1.312983,-0.675399,0.299677,-0.233664,-5.197701,-1.382262,0.26997,5.912429,479.916952,-8.093446,-3.757333,-264.762655,5.401352,2.932354,-345.25482,-1.080974,-0.187023,9.270474,0.324228,0.971002,-72.538045,0.023582,-9.288525,-8.093446,122.365048,3.324069,3.259691,-78.078529,-0.133927,15.066545,5.717685,0.10838,-0.718669,-0.471087,-0.530211,2.721756,-4.035082,-75.965442,-3.757333,3.324069,89.610701,3.21573,-2.258641,-30.021771,2.556463,-0.217959,5.0501,-0.050051,0.384792,-0.633442,0.591175,-0.043058,-3.934124,-264.762655,3.259691,3.21573,267.598356,-1.563158,-2.374919,178.890156,0.994037,0.336103,5.608207,-0.334936,-0.585804,39.424285,0.237678,2.972373,5.401352,-78.078529,-2.258641,-1.563158,87.706071,0.823092,-9.411461,-28.062977,-0.060808,0.334139,4.053831,0.574099,-1.776611,-0.661688,2.45717,2.932354,-0.133927,-30.021771,-2.374919,0.823092,46.056201,-1.621968,0.31323,-4.923744,-0.109105,-0.289859,6.97421,-0.486182,0.00133,-7.185994,-345.25482,15.066545,2.556463,178.890156,-9.411461,-1.621968,620.686272,1.359473,-0.036275,-28.929239,0.017638,-1.119092,103.895355,-0.423095,1.312983,-1.080974,5.717685,-0.217959,0.994037,-28.062977,0.31323,1.359473,37.13988,-0.160041,0.19484,-3.864169,-0.164321,0.323197,5.567168,-0.675399,-0.187023,0.10838,5.0501,0.336103,-0.060808,-4.923744,-0.036275,-0.160041,2.451903,0.047569,-0.086826,-1.268271,0.006547,-0.004844,0.299677,9.270474,-0.718669,-0.050051,5.608207,0.334139,-0.109105,-28.929239,0.19484,0.047569,6.586783,-0.026916,-0.004629,-4.921811,0.065391,-0.233664,0.324228,-0.471087,0.384792,-0.334936,4.053831,-0.289859,0.017638,-3.864169,-0.086826,-0.026916,2.25266,-0.001092,-0.041339,-1.195967,-5.197701,0.971002,-0.530211,-0.633442,-0.585804,0.574099,6.97421,-1.119092,-0.164321,-1.268271,-0.004629,-0.001092,2.457327,-0.202156,-0.083363,-1.382262,-72.538045,2.721756,0.591175,39.424285,-1.776611,-0.486182,103.895355,0.323197,0.006547,-4.921811,-0.041339,-0.202156,20.898539,-0.019962,0.26997,0.023582,-4.035082,-0.043058,0.237678,-0.661688,0.00133,-0.423095,5.567168,-0.004844,0.065391,-1.195967,-0.083363,-0.019962,2.167175
